D? 2 1 4 1 9 1 11 1 16 1 18 1 23 1 1 2 4 2 8 2 11 2 15 2 18 2 22 2 5 3 6 3 12 3 13 3 19 3 20 3
D? 2 1 4 1 9 1 4 2 8 2 5 3 6 3 8 4 9 4 6 5 10 5 10 6 9 8 11 8 16 8 18 8 11 9 15 9 12 10 13 10
D? 1 2 -1 3 1 4 2 4 -1 5 3 5 -2 6 3 6 5 6 -3 8 2 8 4 8 4 9 8 9 5 10 6 10 8 11 9 11 6 12 10 12
D? 1 2 -1 3 1 4 2 4 -1 5 3 5 3 6 5 6 2 8 4 8 1 9 4 9 8 9 5 10 6 10 8 11 9 11 10 12 10 13 9 15
D? 1 2 -1 3 1 4 2 4 -1 5 3 5 3 6 5 6 2 8 4 8 4 9 8 9 5 10 6 10 8 11 9 11 6 12 10 12 10 13 9 15
D? 1 2 -1 3 1 4 2 4 -1 5 3 5 3 6 5 6 4 8 4 9 8 9 5 10 6 10 8 11 9 11 6 12 10 12 5 13 10 13 9 15
D? 1 2 -1 3 1 4 2 4 -1 5 3 5 3 6 2 8 1 9 -1 10 1 11 -1 12 -2 13 -3 15 -3 16 -2 17 -5 18 -4 19 -4 20 -5 22
D? 1 2 -1 3 1 4 2 4 3 5 3 6 5 6 2 8 4 8 1 9 4 9 8 9 5 10 6 10 8 11 9 11 10 12 10 13 9 15 8 16
D? 1 2 -1 3 1 4 2 4 3 5 3 6 5 6 2 8 4 8 4 9 8 9 5 10 6 10 8 11 9 11 6 12 10 12 10 13 9 15 8 16
D? 1 2 -1 3 1 4 2 4 3 5 3 6 5 6 4 8 4 9 8 9 5 10 6 10 8 11 9 11 6 12 10 12 5 13 10 13 9 15 8 16
